cache size

cache hit ratio
0.010000,0.619578
0.020000,0.683838
0.030000,0.719997
0.040000,0.746334
0.050000,0.766258
0.060000,0.783824
0.070000,0.797482
0.080000,0.808297
0.090000,0.820141
0.100000,0.829976
0.010000,0.276429
0.020000,0.341767
0.030000,0.380470
0.040000,0.407892
0.050000,0.429303
0.060000,0.447192
0.070000,0.461677
0.080000,0.475231
0.090000,0.486479
0.100000,0.496705
0.010000,0.353255
0.020000,0.427097
0.030000,0.471369
0.040000,0.504950
0.050000,0.529786
0.060000,0.550793
0.070000,0.568012
0.080000,0.583064
0.090000,0.596019
0.100000,0.608223
0.010000,0.130861
0.020000,0.204117
0.030000,0.250321
0.040000,0.283352
0.050000,0.309251
0.060000,0.330607
0.070000,0.348633
0.080000,0.363981
0.090000,0.378351
0.100000,0.390289

latency
0.010000,42.413239
0.020000,36.173733
0.030000,33.351823
0.040000,31.037193
0.050000,29.776271
0.060000,27.556378
0.070000,26.602406
0.080000,26.091486
0.090000,24.514457
0.100000,23.415869
0.010000,62.661243
0.020000,57.003016
0.030000,53.651298
0.040000,51.276537
0.050000,49.422349
0.060000,47.873184
0.070000,46.618783
0.080000,45.444960
0.090000,44.470954
0.100000,43.585361
0.010000,53.547311
0.020000,48.174394
0.030000,44.880910
0.040000,41.487704
0.050000,39.713299
0.060000,37.816074
0.070000,36.506768
0.080000,35.470985
0.090000,34.838061
0.100000,33.675006
0.010000,75.267416
0.020000,68.923506
0.030000,64.922193
0.040000,62.061741
0.050000,59.818855
0.060000,57.969431
0.070000,56.408398
0.080000,55.079264
0.090000,53.834822
0.100000,52.800994