"column"
x,y
cache  size, value


cache hit ratio:
0.010000,0.413974
0.020000,0.482511
0.030000,0.523018
0.040000,0.551717
0.050000,0.575967
0.060000,0.593663
0.070000,0.607910
0.080000,0.623442
0.090000,0.634229
0.100000,0.643724
0.010000,0.212008
0.020000,0.283017
0.030000,0.324671
0.040000,0.354644
0.050000,0.377597
0.060000,0.396826
0.070000,0.412242
0.080000,0.424777
0.090000,0.436299
0.100000,0.446519


latency:
0.010000,48.211931
0.020000,43.076760
0.030000,40.090133
0.040000,38.384216
0.050000,35.557118
0.060000,34.420516
0.070000,33.976367
0.080000,31.635113
0.090000,30.973682
0.100000,30.345098
0.010000,68.240126
0.020000,62.090757
0.030000,58.483482
0.040000,55.887791
0.050000,53.900129
0.060000,52.234907
0.070000,50.899872
0.080000,49.814341
0.090000,48.816468
0.100000,47.931416
