cachesize

cachehitratio

0.010000,0.586168
0.020000,0.655214
0.030000,0.694829
0.040000,0.724663
0.050000,0.745729
0.060000,0.763501
0.070000,0.778142
0.080000,0.791788
0.090000,0.800462
0.100000,0.810844
0.010000,0.212731
0.020000,0.282977
0.030000,0.325035
0.040000,0.354769
0.050000,0.377930
0.060000,0.396757
0.070000,0.412060
0.080000,0.425308
0.090000,0.436605
0.100000,0.445916
0.010000,0.413925
0.020000,0.483306
0.030000,0.522798
0.040000,0.552410
0.050000,0.575388
0.060000,0.594046
0.070000,0.609745
0.080000,0.621950
0.090000,0.633653
0.100000,0.642667
0.010000,0.212115
0.020000,0.283052
0.030000,0.324902
0.040000,0.354756
0.050000,0.377772
0.060000,0.396825
0.070000,0.412220
0.080000,0.425312
0.090000,0.436050
0.100000,0.446527

latency
0.010000,46.739785
0.020000,40.340420
0.030000,37.078726
0.040000,33.676579
0.050000,32.284805
0.060000,30.603899
0.070000,29.236210
0.080000,27.485653
0.090000,27.428665
0.100000,25.939260
0.010000,68.177481
0.020000,62.094221
0.030000,58.451955
0.040000,55.876990
0.050000,53.871233
0.060000,52.240858
0.070000,50.915618
0.080000,49.768371
0.090000,48.790021
0.100000,47.983703
0.010000,48.067710
0.020000,42.582749
0.030000,40.192869
0.040000,37.627128
0.050000,36.135256
0.060000,34.382429
0.070000,32.920483
0.080000,32.309171
0.090000,31.107559
0.100000,30.743127
0.010000,68.230855
0.020000,62.087682
0.030000,58.463501
0.040000,55.878174
0.050000,53.884974
0.060000,52.234998
0.070000,50.901734
0.080000,49.767966
0.090000,48.838070
0.100000,47.930805