group size

cache 
1.000000,0.496863
2.000000,0.550763
5.000000,0.622280
10.000000,0.675907
20.000000,0.729147
40.000000,0.781218
80.000000,0.829362
160.000000,0.821496
320.000000,0.497064
1.000000,0.465816
2.000000,0.523172
5.000000,0.598627
10.000000,0.655729
20.000000,0.712227
40.000000,0.767327
80.000000,0.761636
160.000000,0.752309
320.000000,0.465815
1.000000,0.430231
2.000000,0.491787
5.000000,0.572970
10.000000,0.633782
20.000000,0.693603
40.000000,0.690543
80.000000,0.683650
160.000000,0.674142
320.000000,0.430654
1.000000,0.390289
2.000000,0.456342
5.000000,0.543332
10.000000,0.607944
20.000000,0.607914
40.000000,0.604809
80.000000,0.598005
160.000000,0.587471
320.000000,0.390587
latency
1.000000,43.571662
2.000000,34.096697
5.000000,30.224159
10.000000,27.749390
20.000000,25.624130
40.000000,23.967479
80.000000,23.755916
160.000000,27.414423
320.000000,43.554243
1.000000,46.260376
2.000000,36.213675
5.000000,32.276617
10.000000,29.690966
20.000000,27.420940
40.000000,25.716726
80.000000,28.619246
160.000000,32.981700
320.000000,46.260444
1.000000,49.341996
2.000000,38.561879
5.000000,34.220117
10.000000,31.369184
20.000000,29.081252
40.000000,31.273728
80.000000,34.709847
160.000000,39.046964
320.000000,49.305363
1.000000,52.800994
2.000000,41.295399
5.000000,36.561884
10.000000,33.811589
20.000000,34.969764
40.000000,37.301577
80.000000,40.869377
160.000000,45.814057
320.000000,52.775145