Current time: 2019.04.27-22.26.26
Plot results
3000
0.600000,0.001954
0.700000,0.005828
0.800000,0.013932
0.900000,0.027978
1.000000,0.047366
1.100000,0.071951
1.200000,0.098216
0.600000,0.004054
0.700000,0.009820
0.800000,0.019944
0.900000,0.035414
1.000000,0.056222
1.100000,0.082139
1.200000,0.109689
0.600000,0.001054
0.700000,0.002268
0.800000,0.005732
0.900000,0.014248
1.000000,0.031260
1.100000,0.056325
1.200000,0.084936
0.600000,0.001535
0.700000,0.003618
0.800000,0.009611
0.900000,0.022688
1.000000,0.045152
1.100000,0.074573
1.200000,0.106210
0.600000,1646.416232
0.700000,1640.276425
0.800000,1625.204170
0.900000,1609.046491
1.000000,1570.775383
1.100000,1537.886129
1.200000,1499.660146
0.600000,1642.257652
0.700000,1635.124658
0.800000,1615.860582
0.900000,1598.961492
1.000000,1564.612830
1.100000,1521.948950
1.200000,1479.892437
0.600000,1641.828719
0.700000,1642.291910
0.800000,1643.249823
0.900000,1629.524152
1.000000,1605.386211
1.100000,1568.534358
1.200000,1530.351092
0.600000,1645.258172
0.700000,1643.036846
0.800000,1629.458879
0.900000,1618.890178
1.000000,1592.839388
1.100000,1545.863135
1.200000,1505.875546
0.600000,67.607596
0.700000,67.164337
0.800000,65.986375
0.900000,64.576019
1.000000,62.130170
1.100000,59.777277
1.200000,56.713251
0.600000,67.132730
0.700000,66.593221
0.800000,65.587948
0.900000,63.903580
1.000000,61.127534
1.100000,59.055248
1.200000,56.140194
0.600000,67.719051
0.700000,67.327310
0.800000,67.188999
0.900000,65.761998
1.000000,64.286621
1.100000,61.661204
1.200000,58.534526
0.600000,67.476500
0.700000,67.308462
0.800000,66.278377
0.900000,64.730256
1.000000,62.861894
1.100000,60.065799
1.200000,57.053055
0.010000,0.047366
0.010000,0.056222
0.010000,0.031260
0.010000,0.045152
0.010000,1570.775383
0.010000,1564.612830
0.010000,1605.386211
0.010000,1592.839388
0.010000,62.130170
0.010000,61.127534
0.010000,64.286621
0.010000,62.861894
