cachesize
cache
0.010000,0.619509
0.020000,0.682715
0.030000,0.719890
0.040000,0.746812
0.050000,0.767852
0.060000,0.783734
0.070000,0.797886
0.080000,0.809310
0.090000,0.820683
0.100000,0.829564
0.010000,0.276709
0.020000,0.341696
0.030000,0.380325
0.040000,0.407957
0.050000,0.429596
0.060000,0.447224
0.070000,0.462176
0.080000,0.475195
0.090000,0.486502
0.100000,0.497035
0.010000,0.353368
0.020000,0.428072
0.030000,0.472036
0.040000,0.504816
0.050000,0.529442
0.060000,0.549688
0.070000,0.567607
0.080000,0.582768
0.090000,0.596436
0.100000,0.608108
0.010000,0.130625
0.020000,0.203890
0.030000,0.250303
0.040000,0.283584
0.050000,0.309332
0.060000,0.330560
0.070000,0.348443
0.080000,0.364112
0.090000,0.377881
0.100000,0.390465
latency
0.010000,42.447437
0.020000,37.012978
0.030000,33.672062
0.040000,31.056476
0.050000,28.874729
0.060000,27.770364
0.070000,26.375432
0.080000,25.609845
0.090000,24.237199
0.100000,23.612077
0.010000,62.636973
0.020000,57.009123
0.030000,53.663814
0.040000,51.270939
0.050000,49.396983
0.060000,47.870392
0.070000,46.575541
0.080000,45.448131
0.090000,44.468965
0.100000,43.556805
0.010000,53.298674
0.020000,47.614281
0.030000,44.486143
0.040000,41.634373
0.050000,39.816301
0.060000,38.357787
0.070000,36.829045
0.080000,35.602764
0.090000,34.456149
0.100000,33.597762
0.010000,75.287893
0.020000,68.943112
0.030000,64.923727
0.040000,62.041593
0.050000,59.811851
0.060000,57.973540
0.070000,56.424843
0.080000,55.067912
0.090000,53.875502
0.100000,52.785726