STRATEGIES = [
     'HR_SYMM',         # Symmetric hash-routing
     'HR_ASYMM',        # Asymmetric hash-routing
     'HR_MULTICAST',    # Multicast hash-routing
     'HR_HYBRID_AM',    # Hybrid Asymm-Multicast hash-routing
     'HR_HYBRID_SM',    # Hybrid Symm-Multicast hash-routing
     'NRR',     # Random choice: cache in one random cache on path
     'BROKER_ASSISTED'
             ]


cache hit ratio for topology MULTIAS and cache size 0.001 vs alpha
0.400000,0.001459
0.500000,0.002736
0.600000,0.006860
0.700000,0.020453
0.800000,0.056887
0.900000,0.132929
1.000000,0.255814
1.100000,0.410266
1.200000,0.567211
0.400000,0.001440
0.500000,0.002532
0.600000,0.005966
0.700000,0.015454
0.800000,0.040118
0.900000,0.088615
1.000000,0.146574
1.100000,0.267288
1.200000,0.335179
0.400000,0.001469
0.500000,0.002714
0.600000,0.006856
0.700000,0.020433
0.800000,0.056988
0.900000,0.133165
1.000000,0.256099
1.100000,0.410381
1.200000,0.567304
0.400000,0.001420
0.500000,0.002548
0.600000,0.006064
0.700000,0.017555
0.800000,0.049687
0.900000,0.119477
1.000000,0.237122
1.100000,0.384395
1.200000,0.541442
0.400000,0.001475
0.500000,0.002754
0.600000,0.006877
0.700000,0.020491
0.800000,0.056802
0.900000,0.133040
1.000000,0.255888
1.100000,0.410382
1.200000,0.567171
0.400000,0.000525
0.500000,0.000972
0.600000,0.002549
0.700000,0.008572
0.800000,0.027991
0.900000,0.077141
1.000000,0.164732
1.100000,0.281008
1.200000,0.405044
0.400000,0.000421
0.500000,0.001356
0.600000,0.004835
0.700000,0.017698
0.800000,0.056547
0.900000,0.138322
1.000000,0.266023
1.100000,0.413716
1.200000,0.552371


 latency for topology MULTIAS and cache size 0.001 vs alpha
0.400000,216.154447
0.500000,215.944489
0.600000,215.399153
0.700000,215.204345
0.800000,211.656815
0.900000,203.082745
1.000000,190.470908
1.100000,172.613708
1.200000,154.786691
0.400000,161.586642
0.500000,161.645516
0.600000,161.134264
0.700000,160.771922
0.800000,160.325419
0.900000,158.882419
1.000000,155.035597
1.100000,148.893624
1.200000,146.008877
0.400000,161.077948
0.500000,162.674924
0.600000,161.822212
0.700000,161.049339
0.800000,159.661308
0.900000,155.573932
1.000000,148.818856
1.100000,138.828519
1.200000,129.742982
0.400000,161.534004
0.500000,161.315051
0.600000,161.506025
0.700000,161.070902
0.800000,159.534166
0.900000,156.616662
1.000000,149.725463
1.100000,140.856070
1.200000,131.839419
0.400000,161.588156
0.500000,161.506962
0.600000,159.840885
0.700000,157.240601
0.800000,151.808182
0.900000,140.974403
1.000000,120.861515
1.100000,95.707382
1.200000,70.729894
0.400000,107.379837
0.500000,107.254703
0.600000,107.511442
0.700000,106.469641
0.800000,105.299808
0.900000,102.155714
1.000000,94.604413
1.100000,84.299168
1.200000,73.412982
0.400000,105.048720
0.500000,102.862989
0.600000,102.433002
0.700000,98.782433
0.800000,92.720591
0.900000,85.815965
1.000000,74.211027
1.100000,61.766508
1.200000,50.064621
