group size

cache hit ratio
1.000000,0.496756
2.000000,0.551022
5.000000,0.622167
10.000000,0.676328
20.000000,0.728455
40.000000,0.780541
80.000000,0.830206
160.000000,0.821011
320.000000,0.496462
1.000000,0.466068
2.000000,0.523095
5.000000,0.599029
10.000000,0.656540
20.000000,0.712534
40.000000,0.767395
80.000000,0.761510
160.000000,0.751757
320.000000,0.465786
1.000000,0.430663
2.000000,0.491799
5.000000,0.572537
10.000000,0.634399
20.000000,0.694056
40.000000,0.690323
80.000000,0.684054
160.000000,0.675238
320.000000,0.430408
1.000000,0.390582
2.000000,0.456138
5.000000,0.543305
10.000000,0.608112
20.000000,0.608734
40.000000,0.605405
80.000000,0.597305
160.000000,0.586418
320.000000,0.389841

latency

1.000000,43.580963
2.000000,33.987462
5.000000,30.435099
10.000000,27.515608
20.000000,25.908029
40.000000,24.287064
80.000000,23.419396
160.000000,27.619161
320.000000,43.606361
1.000000,46.238514
2.000000,36.101043
5.000000,32.354036
10.000000,29.259324
20.000000,27.315783
40.000000,25.740006
80.000000,28.676909
160.000000,33.142418
320.000000,46.262911
1.000000,49.304560
2.000000,38.603424
5.000000,34.432999
10.000000,31.080439
20.000000,28.984481
40.000000,31.273801
80.000000,34.526379
160.000000,38.538022
320.000000,49.326656
1.000000,52.775583
2.000000,41.357958
5.000000,36.842416
10.000000,33.603324
20.000000,34.736736
40.000000,37.053328
80.000000,41.183354
160.000000,46.212843
320.000000,52.839734