group size
cache hit ratio
1.000000,0.446168
2.000000,0.505876
5.000000,0.584322
10.000000,0.643158
20.000000,0.701049
40.000000,0.757083
80.000000,0.810929
160.000000,0.799527
320.000000,0.446529
1.000000,0.446317
2.000000,0.505735
5.000000,0.584083
10.000000,0.642817
20.000000,0.700861
40.000000,0.757448
80.000000,0.750172
160.000000,0.740014
320.000000,0.446399
1.000000,0.446322
2.000000,0.505776
5.000000,0.584480
10.000000,0.643480
20.000000,0.701631
40.000000,0.698575
80.000000,0.692503
160.000000,0.682211
320.000000,0.446260
1.000000,0.446370
2.000000,0.505464
5.000000,0.583749
10.000000,0.643057
20.000000,0.641334
40.000000,0.640469
80.000000,0.633258
160.000000,0.620741
320.000000,0.446591

latency
1.000000,47.961880
2.000000,37.396812
5.000000,33.155889
10.000000,30.650899
20.000000,28.315353
40.000000,26.907033
80.000000,25.983601
160.000000,30.992656
320.000000,47.930574
1.000000,47.948991
2.000000,37.538312
5.000000,33.268495
10.000000,30.703189
20.000000,28.324943
40.000000,26.637931
80.000000,30.276687
160.000000,34.683643
320.000000,47.941861
1.000000,47.948500
2.000000,37.582023
5.000000,33.222011
10.000000,30.229911
20.000000,28.122853
40.000000,30.180229
80.000000,33.157415
160.000000,37.707086
320.000000,47.953855
1.000000,47.944372
2.000000,37.531493
5.000000,33.453003
10.000000,30.509935
20.000000,32.246185
40.000000,33.353057
80.000000,37.084185
160.000000,42.414791
320.000000,47.925191